24010018
0C000088
54000000
54000000
54000000
54000000
24038000
3C0EFFFD
20070018
28220003
28248000
2C657FFF
00613023
00274028
00224028
60290018
60290017
F42A0017
F42AFFE9
00E9582B
00E1582B
6C2C0017
6C2CFFE8
6C2C0018
0027680E
01C1783B
002E783B
EC300003
EC30FFFD
0024882A
002E882A
002E903A
0022903A
E833FFFD
E8330015
01C5A007
4C200000
54000000
54000000
54000000
54000000
54000000
54000000
54000000
54000000
54000000
54000000
54000000
54000000
54000000
54000000
54000000
54000000
54000000
54000000
54000000
54000000
54000000
54000000
54000000
54000000
54000000
54000000
00000000
00000000
00000000
00000000
00000000
00000000
00000000
00000000
00000000
00000000
00000000
00000000
00000000
00000000
00000000
00000000
00000000
00000000
00000000
00000000
00000000
00000000
00000000
00000000
00000000
00000000
00000000
00000000
00000000
00000000
00000000
00000000
00000000
00000000
00000000
00000000
00000000
00000000
00000000
00000000
00000000
00000000
00000000
00000000
00000000
00000000
00000000
00000000
00000000
00000000
00000000
00000000
00000000
00000000
00000000
00000000
00000000
00000000
00000000
00000000
00000000
00000000
00000000
00000000
00000000
